{
 "cells": [
  {
   "cell_type": "markdown",
   "id": "69940660",
   "metadata": {},
   "source": [
    "# Week 1｜NumPy 基础与五道练习\n",
    "\n",
    "**目标：**理解数组、形状、索引、广播和向量化。请按顺序运行；每个 `TODO` 先自己完成，再运行其后的验证格。"
   ]
  },
  {
   "cell_type": "markdown",
   "id": "c54cd8d8",
   "metadata": {},
   "source": [
    "## 0. 导入库\n",
    "`np` 是 NumPy 的常用简称。固定随机种子可以保证每次运行得到相同的随机数，方便复现。"
   ]
  },
  {
   "cell_type": "code",
   "execution_count": 1,
   "id": "4a2cff0e",
   "metadata": {},
   "outputs": [],
   "source": [
    "import numpy as np\n",
    "np.random.seed(42)"
   ]
  },
  {
   "cell_type": "markdown",
   "id": "b36e3282",
   "metadata": {},
   "source": [
    "## 1. 数组、形状与索引\n",
    "二维数组可以看成表格：先写行号、再写列号；Python 从 0 开始计数。"
   ]
  },
  {
   "cell_type": "code",
   "execution_count": 2,
   "id": "08d72ff2",
   "metadata": {},
   "outputs": [
    {
     "name": "stdout",
     "output_type": "stream",
     "text": [
      "[[ 0  1  2  3  4  5]\n",
      " [ 6  7  8  9 10 11]\n",
      " [12 13 14 15 16 17]\n",
      " [18 19 20 21 22 23]]\n",
      "形状: (4, 6)\n",
      "第 0 行: [0 1 2 3 4 5]\n",
      "第 2 列: [ 2  8 14 20]\n",
      "行 1-2、列 2-4: [[ 8  9 10]\n",
      " [14 15 16]]\n"
     ]
    }
   ],
   "source": [
    "x = np.arange(24).reshape(4, 6)\n",
    "print(x)\n",
    "print('形状:', x.shape)\n",
    "print('第 0 行:', x[0])\n",
    "print('第 2 列:', x[:, 2])\n",
    "print('行 1-2、列 2-4:', x[1:3, 2:5])"
   ]
  },
  {
   "cell_type": "markdown",
   "id": "2f9ab9ae",
   "metadata": {},
   "source": [
    "## 2. 广播：不写循环地对每一列运算\n",
    "`keepdims=True` 会让均值保持为 `(1, 5)`，因此它能自动广播到 `(100, 5)` 的每一行。"
   ]
  },
  {
   "cell_type": "code",
   "execution_count": 6,
   "id": "3e4db0b4",
   "metadata": {},
   "outputs": [
    {
     "name": "stdout",
     "output_type": "stream",
     "text": [
      "[[1. 2. 3.]\n",
      " [4. 5. 6.]]\n",
      "列均值: [[2.5 3.5 4.5]]\n",
      "每列减均值后:\n",
      " [[-1.5 -1.5 -1.5]\n",
      " [ 1.5  1.5  1.5]]\n"
     ]
    }
   ],
   "source": [
    "demo = np.array([[1., 2., 3.], [4., 5., 6.]])\n",
    "print(demo)\n",
    "列均值 = demo.mean(axis=0, keepdims=True)\n",
    "print('列均值:', 列均值)\n",
    "print('每列减均值后:\\n', demo - 列均值)"
   ]
  },
  {
   "cell_type": "markdown",
   "id": "a9e1a180",
   "metadata": {},
   "source": [
    "## 练习 1：z-score 标准化\n",
    "目标：让每一列的均值约为 0、标准差约为 1。提示：`axis=0` 表示沿行方向聚合，即分别处理每一列。"
   ]
  },
  {
   "cell_type": "code",
   "execution_count": 14,
   "id": "251430fc",
   "metadata": {},
   "outputs": [
    {
     "data": {
      "text/plain": [
       "array([[ 0.55371488,  0.88090616, -0.22165102, -0.72695875, -1.23336879],\n",
       "       [-0.75701086,  2.76486372,  1.39479201, -1.5670484 , -1.46449305],\n",
       "       [ 0.47039043,  0.48058749,  0.68113543, -0.3207152 , -0.2986779 ]])"
      ]
     },
     "execution_count": 14,
     "metadata": {},
     "output_type": "execute_result"
    }
   ],
   "source": [
    "data = np.random.randn(100, 5)\n",
    "\n",
    "# TODO：补全下面两行（注意 keepdims=True）保留维度：便于广播和向量化。。\n",
    "mean = mean = np.mean(data, axis=0, keepdims=True)\n",
    "std = np.std(data, axis=0, keepdims=True)\n",
    "data_normalized = (data - mean) / std\n",
    "data_normalized[:3]"
   ]
  },
  {
   "cell_type": "code",
   "execution_count": 15,
   "id": "16c214a2",
   "metadata": {},
   "outputs": [
    {
     "name": "stdout",
     "output_type": "stream",
     "text": [
      "每列均值: [-3.87190280e-17 -5.96744876e-17 -2.22044605e-17  2.38697950e-17\n",
      "  8.99280650e-17]\n",
      "每列标准差: [1. 1. 1. 1. 1.]\n"
     ]
    }
   ],
   "source": [
    "# 验证：理想输出应都非常接近 0 和 1。之所以不是0，是因为浮点数精度误差\n",
    "print('每列均值:', data_normalized.mean(axis=0))\n",
    "print('每列标准差:', data_normalized.std(axis=0))"
   ]
  },
  {
   "cell_type": "markdown",
   "id": "6a00b996",
   "metadata": {},
   "source": [
    "## 练习 2：余弦相似度矩阵\n",
    "先把每个向量除以自己的 L2 范数，得到单位向量；两个单位向量的点积就是余弦相似度。`@` 表示矩阵乘法。"
   ]
  },
  {
   "cell_type": "code",
   "execution_count": 16,
   "id": "337b0535",
   "metadata": {},
   "outputs": [
    {
     "data": {
      "text/plain": [
       "array([[ 1.        , -0.05841767, -0.05014619, -0.07946933,  0.11325286,\n",
       "         0.1822815 , -0.01594217, -0.01253938, -0.08228561,  0.12685333],\n",
       "       [-0.05841767,  1.        ,  0.02909898,  0.02057529, -0.02612731,\n",
       "         0.03437359,  0.08672901, -0.04826535, -0.02580279,  0.06716201],\n",
       "       [-0.05014619,  0.02909898,  1.        , -0.0072135 , -0.0708071 ,\n",
       "        -0.02302861,  0.15173772,  0.02522846,  0.00379372,  0.06372885],\n",
       "       [-0.07946933,  0.02057529, -0.0072135 ,  1.        , -0.0381191 ,\n",
       "         0.09293612, -0.01509954, -0.10917847, -0.01702997,  0.01390251],\n",
       "       [ 0.11325286, -0.02612731, -0.0708071 , -0.0381191 ,  1.        ,\n",
       "         0.09968447,  0.14978255,  0.13194582,  0.09471423, -0.20206036],\n",
       "       [ 0.1822815 ,  0.03437359, -0.02302861,  0.09293612,  0.09968447,\n",
       "         1.        ,  0.05171141,  0.09307752, -0.05156934, -0.03152881],\n",
       "       [-0.01594217,  0.08672901,  0.15173772, -0.01509954,  0.14978255,\n",
       "         0.05171141,  1.        , -0.05597647, -0.09618241,  0.06192725],\n",
       "       [-0.01253938, -0.04826535,  0.02522846, -0.10917847,  0.13194582,\n",
       "         0.09307752, -0.05597647,  1.        ,  0.10109613,  0.03238662],\n",
       "       [-0.08228561, -0.02580279,  0.00379372, -0.01702997,  0.09471423,\n",
       "        -0.05156934, -0.09618241,  0.10109613,  1.        ,  0.02828767],\n",
       "       [ 0.12685333,  0.06716201,  0.06372885,  0.01390251, -0.20206036,\n",
       "        -0.03152881,  0.06192725,  0.03238662,  0.02828767,  1.        ]])"
      ]
     },
     "execution_count": 16,
     "metadata": {},
     "output_type": "execute_result"
    }
   ],
   "source": [
    "A = np.random.randn(10, 128)\n",
    "\n",
    "# 每一行的 L2 范数，keepdims=True 保持形状为 (10, 1)\n",
    "norms = np.linalg.norm(A, axis=1, keepdims=True)\n",
    "\n",
    "# 每一行归一化为单位向量\n",
    "A_unit = A / norms\n",
    "\n",
    "# 两两余弦相似度矩阵，形状为 (10, 10)\n",
    "similarity = A_unit @ A_unit.T\n",
    "\n",
    "similarity"
   ]
  },
  {
   "cell_type": "code",
   "execution_count": 17,
   "id": "3152373b",
   "metadata": {},
   "outputs": [
    {
     "name": "stdout",
     "output_type": "stream",
     "text": [
      "形状: (10, 10)\n",
      "主对角线: [1. 1. 1. 1. 1. 1. 1. 1. 1. 1.]\n"
     ]
    }
   ],
   "source": [
    "# 验证：矩阵应为 (10, 10)，主对角线应约为 1\n",
    "print('形状:', similarity.shape)\n",
    "print('主对角线:', np.diag(similarity))"
   ]
  },
  {
   "cell_type": "markdown",
   "id": "26924079",
   "metadata": {},
   "source": [
    "## 练习 3：数值稳定的 softmax\n",
    "直接计算 `exp(1000)` 会溢出。先减去每行最大值，softmax 的结果不会改变，但计算会稳定。"
   ]
  },
  {
   "cell_type": "code",
   "execution_count": 18,
   "id": "3c022d2a",
   "metadata": {},
   "outputs": [
    {
     "data": {
      "text/plain": [
       "array([[0.09003057, 0.24472847, 0.66524096],\n",
       "       [0.09003057, 0.24472847, 0.66524096]])"
      ]
     },
     "execution_count": 18,
     "metadata": {},
     "output_type": "execute_result"
    }
   ],
   "source": [
    "def softmax(x):\n",
    "    # 转成浮点数组，避免整数计算问题\n",
    "    x = np.asarray(x, dtype=float)\n",
    "\n",
    "    # 每一行减去该行最大值，防止 exp 溢出\n",
    "    x_shifted = x - np.max(x, axis=-1, keepdims=True)\n",
    "\n",
    "    # 计算指数\n",
    "    exp_x = np.exp(x_shifted)\n",
    "\n",
    "    # 每一行归一化，使概率之和为 1\n",
    "    return exp_x / np.sum(exp_x, axis=-1, keepdims=True)\n",
    "\n",
    "\n",
    "scores = np.array([\n",
    "    [1., 2., 3.],\n",
    "    [1000., 1001., 1002.]\n",
    "])\n",
    "\n",
    "probabilities = softmax(scores)\n",
    "probabilities"
   ]
  },
  {
   "cell_type": "code",
   "execution_count": 19,
   "id": "040c271f",
   "metadata": {},
   "outputs": [
    {
     "name": "stdout",
     "output_type": "stream",
     "text": [
      "[1. 1.]\n"
     ]
    }
   ],
   "source": [
    "# 验证：每一行的和应为 1，且不应出现 nan 或 inf\n",
    "print(probabilities.sum(axis=-1))\n",
    "assert np.allclose(probabilities.sum(axis=-1), 1.0)"
   ]
  },
  {
   "cell_type": "markdown",
   "id": "37a08d43",
   "metadata": {},
   "source": [
    "## 练习 4：one-hot 编码\n",
    "类别标签 `2`（共 4 类）应变成 `[0, 0, 1, 0]`。提示：先创建全零矩阵，再用 `result[np.arange(N), labels] = 1` 填入 1。"
   ]
  },
  {
   "cell_type": "code",
   "execution_count": 20,
   "id": "9089bee7",
   "metadata": {},
   "outputs": [
    {
     "data": {
      "text/plain": [
       "array([[1., 0., 0., 0.],\n",
       "       [0., 0., 1., 0.],\n",
       "       [0., 1., 0., 0.],\n",
       "       [0., 0., 0., 1.]], dtype=float32)"
      ]
     },
     "execution_count": 20,
     "metadata": {},
     "output_type": "execute_result"
    }
   ],
   "source": [
    "def one_hot(labels, num_classes):\n",
    "    # 生成单位矩阵，再用 labels 选择对应的行\n",
    "    return np.eye(num_classes, dtype=np.float32)[labels]\n",
    "\n",
    "\n",
    "labels = np.array([0, 2, 1, 3])\n",
    "encoded = one_hot(labels, num_classes=4)\n",
    "encoded"
   ]
  },
  {
   "cell_type": "code",
   "execution_count": 21,
   "id": "3f37cf5b",
   "metadata": {},
   "outputs": [
    {
     "name": "stdout",
     "output_type": "stream",
     "text": [
      "练习 4 通过\n"
     ]
    }
   ],
   "source": [
    "# 验证：每行只有一个 1\n",
    "assert encoded.shape == (4, 4)\n",
    "assert encoded.dtype == np.float32\n",
    "assert np.all(encoded.sum(axis=1) == 1)\n",
    "print('练习 4 通过')"
   ]
  },
  {
   "cell_type": "markdown",
   "id": "d9f730ee",
   "metadata": {},
   "source": [
    "## 练习 5：向量化 k-NN 距离\n",
    "要得到 `(Q, N)` 的距离矩阵，把 `query` 变成 `(Q, 1, D)`，把 `database` 变成 `(1, N, D)`；相减时 NumPy 会自动广播。"
   ]
  },
  {
   "cell_type": "code",
   "execution_count": 23,
   "id": "ebce6d00",
   "metadata": {},
   "outputs": [
    {
     "data": {
      "text/plain": [
       "array([[ 0.,  5., 10.],\n",
       "       [ 5.,  0.,  5.]])"
      ]
     },
     "execution_count": 23,
     "metadata": {},
     "output_type": "execute_result"
    }
   ],
   "source": [
    "def knn_distances(query, database):\n",
    "    # query:    (M, D)\n",
    "    # database: (N, D)\n",
    "\n",
    "    diff = query[:, None, :] - database[None, :, :]  # (M, N, D)\n",
    "    return np.linalg.norm(diff, axis=-1)              # (M, N)\n",
    "\n",
    "\n",
    "query = np.array([[0., 0.], [3., 4.]])\n",
    "database = np.array([[0., 0.], [3., 4.], [6., 8.]])\n",
    "\n",
    "distances = knn_distances(query, database)\n",
    "distances"
   ]
  },
  {
   "cell_type": "code",
   "execution_count": 24,
   "id": "4c34ea37",
   "metadata": {},
   "outputs": [
    {
     "name": "stdout",
     "output_type": "stream",
     "text": [
      "五道练习全部完成！\n"
     ]
    }
   ],
   "source": [
    "# 验证：第一行应为 [0, 5, 10]，第二行应为 [5, 0, 5]\n",
    "expected = np.array([[0., 5., 10.], [5., 0., 5.]])\n",
    "assert np.allclose(distances, expected)\n",
    "print('五道练习全部完成！')"
   ]
  },
  {
   "cell_type": "markdown",
   "id": "cea8e085",
   "metadata": {},
   "source": [
    "## 本 Notebook 小结\n",
    "请用自己的话补充：\n",
    "- 我理解的广播是：当两个数组形状不完全相同时，NumPy 会按照一定规则自动扩展较小的数组，使它们能够进行逐元素运算。广播并不一定真的复制数据，而是让不同形状的数组在逻辑上对齐。例如 (10, 128) 的矩阵可以除以 (10, 1) 的每行范数，从而分别归一化每一行。\n",
    "- 我理解的向量化是：把原本需要使用 Python 循环逐个处理的计算，改写成 NumPy 的数组运算、广播或矩阵乘法，让底层一次处理大量数据。例如计算 k-NN 距离时，可以通过增加维度和广播，一次得到所有查询向量与数据库向量之间的距离矩阵，而不需要写双重 for 循环。\n",
    "- 我仍然不理解的是：面对一个具体问题时，怎样快速判断应该增加哪个维度、在哪个 axis 上计算，以及广播后数组的形状会如何变化。我还需要通过更多例子练习形状推导，并理解向量化虽然通常更快，但有时也会产生较大的中间数组、占用更多内存。"
   ]
  },
  {
   "cell_type": "code",
   "execution_count": null,
   "id": "c74292bf-f055-4509-9f91-be7cad61abc9",
   "metadata": {},
   "outputs": [],
   "source": []
  }
 ],
 "metadata": {
  "kernelspec": {
   "display_name": "Python 3 (ipykernel)",
   "language": "python",
   "name": "python3"
  },
  "language_info": {
   "codemirror_mode": {
    "name": "ipython",
    "version": 3
   },
   "file_extension": ".py",
   "mimetype": "text/x-python",
   "name": "python",
   "nbconvert_exporter": "python",
   "pygments_lexer": "ipython3",
   "version": "3.11.7"
  }
 },
 "nbformat": 4,
 "nbformat_minor": 5
}
